5
9
13
17
21
29
33
37
41
49
53
57
61
69
73
77
89
93
97
101
109
113
121
129
133
137
141
149
157
161
173
177
181
193
197
201
209
213
217
229
233
237
241
249
253
257
269
277
281
293
301
309
313
317
321
329
337
341
349
353
361
373
381
389
393
397
401
409
413
417
421
433
437
449
453
457
461
469
473
489
497
501
509
517
521
529
537
541
553
557
569
573
577
581
589
593
597
601
613
617
633
641
649
653
661
669
673
677
681
701
709
713
717
721
733
737
749
753
757
761
769
773
781
789
797
809
813
817
821
829
849
853
857
869
877
881
889
893
913
917
921
929
933
937
941
953
961
973
977
989
993
997
1009
1013
1021
1033
1041
1049
1057
1061
1069
1077
1081
1093
1097
1101
1109
1117
1121
1129
1133
1137
1141
1149
1153
1169
1177
1181
1193
1201
1213
1217
1229
1237
1249
1253
1257
1273
1277
1289
1293
1297
1301
1317
1321
1329
1333
1337
1349
1357
1361
1373
1381
1389
1393
1397
1401
1409
1429
1433
1437
1441
1453
1457
1461
1473
1477
1481
1489
1493
1497
1501
1509
1529
1541
1549
1553
1561
1569
1577
1589
1597
1601
1609
1613
1621
1633
1637
1641
1657
1661
1669
1673
1689
1693
1697
1709
1713
1721
1733
1741
1753
1757
1761
1777
1789
1793
1797
1801
1817
1821
1829
1837
1841
1849
1857
1861
1873
1877
1889
1893
1897
1901
1909
1913
1929
1933
1941
1949
1957
1969
1973
1977
1981
1993
1997
2017
2021
2029
2033
2049
2053
2069
2073
2077
2081
2089
2101
2113
2129
2137
2141
2149
2153
2157
2161
2177
2181
2189
2201
2209
2213
2217
2221
2229
2237
2253
2269
2273
2281
2293
2297
2309
2317
2321
2333
2341
2357
2361
2369
2377
2381
2389
2393
2413
2417
2429
2433
2437
2441
2449
2453
2461
2469
2473
2477
2481
2489
2497
2513
2517
2521
2537
2549
2557
2569
2573
2577
2589
2593
2609
2617
2621
2629
2633
2641
2649
2653
2657
2661
2677
2681
2689
2693
2713
2721
2729
2733
2741
2749
2753
2757
2761
2773
2777
2789
2797
2801
2833
2837
2841
2857
2861
2869
2881
2893
2897
2901
2909
2913
2917
2921
2933
2949
2953
2957
2969
2973
2981
3001
3013
3017
3037
3041
3049
3053
3057
3061
3073
3089
3093
3097
3101
3109
3113
3117
3121
3137
3149
3153
3169
3173
3181
3189
3193
3197
3209
3217
3221
3229
3241
3253
3257
3261
3269
3273
3301
3309
3313
3317
3329
3337
3353
3361
3369
3373
3377
3389
3397
3401
3409
3413
3421
3433
3437
3449
3453
3457
3461
3469
3473
3481
3489
3493
3513
3517
3521
3529
3533
3541
3557
3561
3569
3581
3593
3613
3617
3629
3637
3641
3661
3669
3673
3677
3693
3697
3701
3709
3713
3733
3749
3761
3769
3777
3781
3793
3797
3817
3821
3829
3833
3837
3841
3849
3853
3873
3877
3881
3889
3901
3909
3917
3921
3929
3937
3941
3949
3953
3957
3981
3989
3997
4001
4009
4013
4021
4037
4049
4057
4061
4073
4093
4101
4109
4117
4129
4133
4153
4157
4169
4177
4189
4193
4197
4201
4213
4217
4229
4237
4241
4249
4253
4261
4269
4273
4281
4289
4297
4309
4313
4317
4333
4337
4341
4349
4353
4357
4373
4377
4393
4397
4409
4413
4417
4421
4429
4441
4449
4457
4461
4481
4489
4493
4497
4501
4513
4517
4529
4533
4541
4549
4561
4569
4577
4593
4597
4601
4609
4613
4621
4629
4637
4649
4657
4661
4673
4677
4681
4701
4713
4721
4729
4733
4737
4741
4749
4757
4769
4781
4789
4793
4801
4813
4817
4821
4829
4837
4841
4853
4857
4861
4873
4877
4881
4889
4897
4909
4933
4937
4957
4969
4973
4989
4993
4997
5001
5009
5021
5029
5033
5041
5053
5077
5081
5089
5093
5097
5101
5113
5129
5137
5149
5153
5169
5173
5177
5189
5197
5201
5209
5221
5233
5237
5241
5257
5261
5269
5273
5277
5281
5293
5297
5309
5333
5349
5357
5361
5377
5381
5393
5401
5413
5417
5433
5437
5441
5449
5461
5469
5477
5489
5493
5497
5501
5509
5521
5533
5541
5549
5557
5561
5569
5573
5581
5601
5609
5613
5633
5637
5641
5653
5657
5669
5677
5689
5693
5701
5717
5721
5737
5741
5749
5753
5761
5773
5789
5793
5801
5813
5821
5833
5849
5853
5857
5861
5869
5873
5881
5893
5897
5909
5921
5937
5953
5961
5969
5977
5981
5997
6009
6013
6017
6029
6033
6037
6041
6049
6053
6073
6077
6081
6089
6101
6113
6117
6121
6133
6157
6169
6173
6181
6189
6193
6197
6209
6217
6221
6229
6233
6241
6249
6257
6261
6269
6277
6281
6289
6297
6301
6313
6317
6329
6333
6337
6349
6353
6361
6373
6377
6389
6393
6397
6421
6429
6433
6449
6457
6469
6473
6481
6493
6509
6521
6529
6533
6537
6541
6553
6557
6569
6577
6581
6589
6593
6609
6621
6629
6637
6653
6661
6673
6677
6689
6701
6709
6717
6729
6733
6737
6753
6761
6769
6781
6793
6797
6801
6809
6821
6829
6833
6841
6857
6861
6869
6881
6889
6901
6913
6917
6933
6937
6941
6949
6961
6973
6977
6997
7001
7009
7013
7017
7037
7041
7053
7057
7061
7069
7073
7097
7109
7113
7117
7121
7129
7133
7149
7153
7169
7177
7181
7193
7197
7201
7213
7217
7229
7233
7237
7249
7253
7269
7273
7277
7297
7309
7313
7321
7333
7341
7349
7357
7369
7377
7393
7401
7409
7417
7433
7441
7457
7477
7481
7489
7493
7509
7513
7517
7529
7537
7541
7549
7561
7573
7577
7589
7593
7597
7601
7609
7613
7617
7621
7629
7637
7649
7653
7661
7669
7673
7681
7697
7717
7721
7729
7737
7741
7753
7757
7773
7781
7789
7793
7817
7829
7841
7849
7853
7861
7873
7877
7901
7909
7933
7937
7941
7949
7961
7977
7981
7989
7993
7997
8009
8013
8017
8049
8053
8057
8061
8069
8081
8089
8093
8097
8101
8117
8121
8129
8133
8137
8141
8153
8157
8161
8173
8189
8193
8197
8201
8209
8213
8221
8233
8237
8257
8261
8269
8273
8293
8297
8301
8309
8317
8329
8341
8353
8369
8373
8377
8389
8401
8409
8413
8417
8429
8441
8453
8457
8461
8501
8509
8513
8521
8529
8537
8549
8553
8557
8561
8573
8581
8597
8609
8617
8629
8637
8641
8657
8661
8669
8677
8681
8689
8693
8709
8713
8717
8737
8741
8753
8761
8773
8777
8781
8797
8809
8813
8817
8821
8837
8849
8861
8873
8881
8889
8893
8909
8913
8921
8929
8933
8941
8953
8969
8977
8981
8997
9001
9013
9017
9029
9033
9037
9041
9049
9053
9057
9069
9073
9097
9101
9109
9121
9133
9137
9149
9157
9161
9173
9181
9201
9209
9221
9229
9233
9237
9241
9249
9253
9257
9277
9281
9289
9293
9301
9313
9329
9337
9341
9349
9353
9357
9377
9397
9413
9421
9433
9437
9449
9461
9473
9481
9489
9493
9497
9501
9517
9521
9533
9557
9561
9569
9573
9589
9601
9609
9613
9617
9629
9637
9641
9649
9661
9677
9689
9697
9713
9721
9733
9749
9753
9757
9761
9769
9777
9781
9793
9813
9817
9829
9833
9853
9857
9869
9897
9901
9913
9917
9921
9929
9937
9941
9949
9957
9961
9969
9973
9977
9989
9993
10009
10021
10029
10033
10037
10041
10061
10069
10073
10077
10093
10097
10109
10113
10117
10129
10133
10141
10157
10169
10173
10177
10181
10189
10193
10213
10221
10253
10261
10273
10277
10289
10297
10301
10313
10321
10333
10337
10349
10357
10369
10381
10389
10393
10401
10409
10417
10429
10433
10453
10457
10473
10477
10481
10493
10497
10501
10513
10529
10533
10541
10561
10577
10581
10589
10597
10601
10609
10613
10617
10637
10641
10649
10657
10661
10669
10677
10681
10697
10709
10713
10717
10721
10729
10733
10741
10749
10753
10757
10781
10789
10793
10801
10813
10821
10837
10849
10853
10861
10869
10873
10889
10893
10901
10909
10913
10921
10929
10937
10949
10957
10969
10973
10977
10981
10993
10997
11013
11017
11021
11053
11057
11069
11073
11081
11093
11113
11117
11129
11149
11153
11157
11161
11173
11177
11181
11189
11197
11201
11209
11213
11217
11233
11249
11257
11261
11269
11273
11293
11301
11309
11317
11321
11329
11333
11337
11341
11353
11369
11377
11381
11389
11393
11409
11429
11437
11449
11469
11477
11489
11497
11533
11537
11541
11549
11553
11561
11569
11573
11589
11593
11597
11617
11621
11633
11641
11653
11657
11669
11677
11681
11689
11693
11701
11717
11721
11733
11741
11749
11757
11761
11769
11777
11789
11793
11797
11801
11813
11821
11829
11833
11841
11857
11873
11893
11897
11901
11909
11929
11933
11941
11953
11957
11969
11981
11989
11993
12001
12009
12021
12029
12037
12041
12049
12057
12061
12073
12081
12097
12101
12109
12113
12133
12149
12153
12157
12161
12169
12197
12217
12229
12237
12241
12253
12269
12273
12277
12281
12289
12293
12297
12301
12313
12329
12333
12353
12361
12373
12377
12381
12401
12409
12413
12417
12421
12433
12437
12449
12457
12473
12477
12481
12497
12509
12517
12521
12533
12541
12553
12569
12577
12581
12589
12601
12613
12633
12637
12641
12653
12657
12661
12677
12689
12693
12697
12709
12713
12721
12729
12737
12757
12761
12777
12781
12793
12797
12809
12813
12817
12821
12829
12841
12849
12853
12877
12881
12889
12893
12917
12929
12941
12949
12953
12973
12977
12981
12989
13001
13009
13017
13033
13037
13049
13057
13069
13081
13089
13093
13097
13109
13121
13129
13133
13153
13157
13173
13177
13193
13201
13217
13229
13241
13249
13269
13297
13301
13309
13313
13333
13337
13341
13349
13353
13361
13373
13381
13389
13393
13397
13417
13421
13441
13449
13453
13457
13469
13477
13493
13501
13513
13517
13521
13529
13537
13541
13553
13557
13561
13569
13577
13589
13597
13609
13613
13633
13641
13649
13657
13661
13669
13681
13693
13697
13701
13709
13721
13729
13733
13749
13757
13773
13777
13781
13789
13809
13813
13829
13841
13849
13853
13861
13873
13877
13901
13909
13913
13917
13921
13929
13933
13953
13961
13989
13993
13997
14009
14017
14021
14029
14033
14037
14041
14057
14069
14073
14077
14081
14101
14109
14113
14117
14129
14137
14141
14149
14153
14169
14173
14177
14189
14197
14201
14221
14233
14237
14249
14253
14269
14273
14277
14281
14293
14317
14321
14333
14341
14349
14353
14361
14369
14377
14389
14397
14401
14429
14437
14441
14449
14461
14477
14489
14493
14509
14513
14533
14537
14549
14557
14561
14581
14593
14597
14609
14613
14617
14621
14629
14633
14653
14657
14669
14693
14709
14713
14717
14737
14741
14753
14757
14777
14789
14793
14797
14809
14813
14821
14829
14849
14853
14857
14869
14873
14881
14897
14901
14917
14921
14929
14941
14953
14957
14961
14969
14981
14997
15001
15009
15013
15017
15033
15037
15053
15061
15069
15073
15077
15089
15097
15101
15117
15121
15137
15149
15153
15157
15161
15173
15177
15193
15209
15217
15221
15233
15241
15253
15261
15269
15277
15289
15297
15313
15321
15329
15349
15357
15361
15373
15377
15389
15401
15409
15413
15421
15437
15441
15449
15461
15469
15473
15493
15497
15501
15513
15517
15537
15541
15553
15557
15569
15581
15593
15601
15629
15637
15641
15649
15653
15661
15673
15681
15693
15697
15701
15709
15713
15721
15733
15737
15749
15757
15761
15773
15781
15797
15809
15817
15829
15833
15837
15853
15869
15877
15881
15889
15893
15901
15909
15913
15917
15937
15941
15961
15969
15973
15989
16001
16009
16013
16033
16041
16049
16053
16057
16061
16069
16073
16097
16117
16129
16141
16157
16161
16177
16181
16189
16193
16197
16213
16217
16221
16229
16249
16253
16257
16273
16293
16297
16301
16309
16313
16321
16329
16333
16349
16357
16361
16369
16373
16381
16397
16413
16417
16421
16429
16433
16437
16449
16453
16457
16469
16477
16481
16489
16493
16509
16517
16521
16529
16537
16553
16557
16561
16573
16581
16593
16597
16621
16633
16637
16649
16657
16661
16669
16673
16681
16689
16693
16697
16721
16729
16741
16753
16773
16777
16789
16793
16817
16829
16841
16853
16869
16873
16877
16889
16901
16917
16921
16937
16941
16953
16957
16961
16969
16973
16977
16981
16993
16997
17021
17029
17033
17041
17049
17053
17077
17089
17093
17117
17129
17133
17137
17149
17161
17189
17201
17209
17213
17229
17233
17237
17249
17257
17269
17273
17281
17293
17309
17317
17321
17333
17337
17341
17349
17369
17373
17377
17389
17393
17401
17413
17417
17421
17441
17449
17453
17461
17477
17481
17489
17497
17509
17513
17517
17521
17529
17553
17569
17573
17581
17597
17601
17609
17617
17621
17637
17653
17657
17669
17677
17681
17701
17709
17713
17717
17729
17737
17749
17761
17769
17773
17781
17789
17801
17809
17813
17817
17821
17837
17857
17869
17881
17897
17909
17921
17929
17933
17957
17961
17977
17981
17989
17993
18001
18013
18017
18021
18033
18041
18049
18053
18061
18077
18089
18097
18101
18113
18121
18129
18133
18137
18141
18149
18157
18169
18181
18197
18201
18209
18217
18229
18233
18237
18253
18257
18269
18273
18289
18293
18301
18313
18329
18337
18341
18349
18353
18373
18393
18397
18401
18413
18429
18433
18437
18449
18453
18457
18461
18481
18489
18493
18509
18517
18521
18529
18533
18541
18553
18569
18593
18597
18609
18613
18617
18633
18637
18641
18653
18661
18673
18677
18689
18697
18701
18713
18741
18749
18757
18773
18781
18789
18793
18797
18809
18813
18817
18829
18841
18861
18869
18877
18881
18893
18897
18913
18917
18929
18933
18949
18953
18961
18969
18973
18977
19001
19009
19013
19021
19029
19033
19037
19049
19069
19073
19077
19081
19101
19117
19121
19137
19141
19153
19157
19177
19181
19189
19213
19217
19237
19241
19249
19273
19281
19289
19297
19301
19309
19321
19333
19349
19353
19361
19369
19373
19381
19417
19421
19429
19433
19441
19457
19469
19473
19477
19489
19501
19529
19537
19541
19553
19561
19577
19589
19597
19609
19613
19621
19641
19653
19657
19661
19673
19681
19689
19693
19697
19709
19713
19717
19733
19741
19753
19757
19777
19781
19793
19797
19801
19813
19821
19829
19837
19841
19849
19853
19857
19861
19889
19901
19909
19913
19921
19933
19937
19949
19957
19961
19969
19973
19977
19993
19997
20021
20029
20037
20053
20057
20073
20081
20089
20093
20101
20109
20113
20117
20129
20141
20149
20153
20157
20161
20173
20177
20197
20201
20209
20233
20249
20257
20261
20269
20289
20297
20309
20317
20321
20333
20337
20341
20353
20357
20369
20373
20389
20393
20401
20409
20429
20437
20441
20469
20473
20477
20481
20489
20497
20509
20521
20533
20537
20549
20569
20573
20581
20589
20593
20597
20613
20633
20641
20649
20653
20669
20681
20693
20697
20701
20717
20721
20729
20733
20741
20749
20753
20773
20777
20789
20797
20809
20821
20833
20837
20841
20849
20857
20861
20873
20877
20897
20901
20913
20921
20929
20941
20949
20953
20957
20973
20977
20981
20989
20993
21001
21013
21017
21057
21061
21077
21081
21089
21101
21113
21117
21121
21129
21133
21137
21149
21157
21161
21169
21173
21181
21193
21209
21221
21237
21241
21269
21277
21293
21309
21313
21317
21337
21341
21353
21377
21381
21397
21401
21409
21421
21433
21453
21457
21461
21469
21477
21481
21493
21517
21521
21529
21553
21557
21561
21569
21577
21581
21589
21601
21613
21617
21621
21629
21633
21649
21653
21657
21661
21673
21701
21713
21729
21733
21737
21741
21757
21761
21769
21773
21781
21797
21817
21821
21829
21833
21841
21849
21857
21869
21877
21881
21893
21921
21929
21937
21949
21961
21977
21989
21993
21997
22013
22033
22037
22053
22073
22081
22093
22097
22109
22121
22129
22133
22141
22153
22157
22169
22177
22189
22193
22229
22233
22241
22249
22273
22277
22289
22297
22309
22333
22337
22349
22353
22357
22361
22369
22377
22381
22397
22409
22421
22429
22433
22441
22453
22461
22469
22481
22489
22493
22497
22501
22513
22521
22537
22541
22549
22553
22569
22573
22577
22597
22609
22613
22621
22637
22641
22657
22669
22677
22693
22697
22709
22717
22721
22733
22741
22749
22757
22769
22773
22777
22793
22801
22809
22813
22817
22821
22853
22861
22877
22889
22897
22901
22909
22913
22917
22921
22929
22937
22957
22961
22969
22973
22993
23017
23021
23029
23033
23041
23053
23057
23061
23073
23077
23081
23089
23093
23097
23109
23117
23149
23169
23173
23181
23189
23197
23201
23209
23213
23221
23233
23237
23249
23261
23269
23277
23281
23293
23297
23317
23321
23333
23357
23369
23381
23389
23401
23417
23429
23437
23441
23449
23453
23469
23473
23489
23497
23501
23509
23513
23521
23537
23549
23557
23561
23573
23581
23593
23597
23601
23609
23629
23633
23637
23641
23649
23669
23677
23689
23713
23721
23737
23741
23753
23757
23761
23773
23781
23789
23801
23813
23833
23849
23853
23857
23861
23869
23873
23889
23893
23897
23909
23917
23921
23929
23957
23969
23977
23981
23993
24001
24029
24033
24049
24053
24061
24077
24097
24109
24113
24117
24121
24133
24137
24169
24173
24177
24181
24197
24209
24229
24233
24241
24253
24257
24261
24269
24277
24281
24289
24301
24317
24329
24333
24337
24369
24373
24377
24397
24413
24421
24437
24441
24449
24469
24473
24481
24493
24501
24509
24513
24517
24529
24533
24537
24553
24569
24573
24577
24581
24589
24593
24613
24617
24629
24637
24657
24673
24677
24689
24693
24697
24709
24721
24729
24733
24749
24757
24761
24773
24781
24789
24793
24809
24821
24829
24833
24841
24861
24873
24877
24881
24889
24913
24917
24933
24937
24953
24977
24989
24997
25001
25013
25021
25033
25037
25057
25061
25073
25081
25089
25093
25097
25117
25121
25141
25153
25157
25161
25169
25189
25213
25217
25229
25237
25241
25249
25253
25257
25261
25269
25273
25293
25301
25309
25321
25329
25341
25349
25357
25361
25369
25373
25393
25401
25409
25417
25421
25429
25453
25457
25469
25481
25489
25501
25513
25537
25541
25561
25573
25577
25581
25589
25601
25609
25613
25617
25621
25629
25633
25637
25657
25661
25673
25689
25693
25697
25709
25717
25729
25733
25741
25757
25793
25797
25801
25813
25817
25829
25837
25841
25849
25853
25861
25869
25873
25881
25889
25901
25913
25933
25941
25969
25973
25981
25989
25997
26009
26017
26021
26029
26033
26041
26053
26057
26069
26081
26089
26097
26101
26113
26121
26137
26141
26149
26153
26157
26161
26173
26177
26189
26193
26209
26213
26237
26241
26249
26261
26293
26297
26309
26317
26321
26337
26349
26357
26369
26389
26393
26409
26417
26421
26437
26449
26453
26457
26461
26473
26489
26493
26497
26501
26513
26517
26521
26549
26557
26561
26569
26573
26581
26589
26597
26601
26617
26621
26629
26633
26641
26653
26661
26669
26681
26693
26701
26713
26717
26729
26737
26749
26753
26761
26769
26777
26797
26801
26813
26821
26833
26837
26849
26853
26857
26861
26881
26889
26893
26909
26913
26917
26921
26929
26933
26953
26957
26981
26993
26997
27017
27021
27029
27033
27037
27041
27049
27061
27073
27077
27089
27109
27113
27129
27133
27137
27177
27193
27197
27201
27221
27241
27253
27273
27277
27281
27301
27309
27317
27329
27337
27341
27349
27361
27373
27377
27381
27397
27409
27413
27433
27437
27449
27453
27457
27461
27473
27481
27493
27497
27509
27517
27529
27533
27541
27553
27561
27569
27581
27589
27597
27601
27609
27617
27629
27641
27649
27653
27661
27673
27681
27689
27697
27701
27717
27721
27733
27737
27749
27769
27773
27793
27809
27817
27821
27841
27849
27889
27893
27901
27913
27917
27929
27933
27941
27949
27953
27957
27961
27969
27973
27997
28001
28021
28029
28049
28057
28061
28069
28073
28081
28097
28109
28113
28117
28129
28133
28141
28153
28173
28177
28181
28189
28201
28209
28229
28241
28253
28257
28261
28277
28289
28293
28297
28309
28313
28317
28321
28337
28349
28357
28361
28369
28389
28393
28401
28409
28429
28433
28437
28473
28477
28481
28489
28493
28501
28513
28517
28529
28533
28537
28541
28549
28553
28573
28597
28617
28621
28637
28641
28649
28653
28657
28661
28669
28693
28697
28709
28729
28733
28753
28761
28777
28789
28793
28801
28813
28817
28829
28837
28841
28857
28869
28877
28889
28893
28901
28909
28921
28929
28933
28937
28949
28957
28961
28969
28973
28993
28997
29009
29017
29021
29033
29037
29077
29089
29093
29101
29113
29117
29129
29137
29149
29153
29157
29173
29177
29201
29209
29213
29217
29221
29229
29249
29269
29293
29297
29301
29317
29329
29333
29357
29361
29369
29373
29381
29389
29401
29409
29413
29417
29429
29433
29437
29441
29453
29473
29477
29501
29509
29513
29517
29533
29537
29553
29557
29569
29573
29577
29581
29613
29617
29621
29629
29633
29641
29649
29657
29661
29669
29677
29681
29689
29693
29701
29713
29717
29721
29737
29741
29749
29753
29761
29769
29773
29777
29789
29793
29797
29813
29821
29833
29837
29849
29873
29881
29893
29897
29901
29909
29917
29921
29941
29969
29977
29981
29989
30001
30013
30021
30029
30041
30049
30061
30077
30089
30097
30101
30109
30113
30117
30133
30137
30161
30169
30181
30197
30201
30221
30237
30241
30253
30257
30269
30273
30281
30289
30293
30297
30309
30313
30333
30337
30341
30353
30373
30389
30409
30417
30437
30449
30453
30461
30469
30473
30477
30489
30493
30497
30509
30517
30521
30529
30533
30541
30553
30557
30577
30593
30601
30633
30637
30649
30661
30669
30677
30689
30697
30701
30713
30721
30729
30737
30741
30757
30761
30773
30777
30781
30801
30809
30813
30817
30829
30833
30841
30853
30857
30869
30881
30893
30909
30913
30917
30937
30941
30949
30961
30973
30977
30993
30997
31009
31013
31021
31029
31033
31069
31081
31121
31129
31133
31153
31157
31169
31173
31177
31181
31189
31193
31197
31237
31241
31249
31253
31261
31273
31277
31281
31289
31309
31321
31333
31337
31357
31361
31377
31381
31389
31393
31397
31441
31453
31457
31461
31469
31477
31481
31489
31497
31513
31517
31541
31549
31553
31573
31589
31593
31597
31601
31621
31633
31649
31657
31661
31669
31673
31677
31701
31721
31729
31741
31757
31769
31777
31789
31793
31817
31821
31829
31849
31861
31873
31877
31881
31893
31897
31917
31933
31949
31953
31957
31961
31969
31973
31981
31989
32001
32009
32029
32033
32041
32057
32061
32069
32073
32077
32081
32089
32093
32101
32117
32133
32137
32141
32169
32173
32177
32189
32197
32209
32213
32217
32221
32233
32237
32257
32261
32273
32281
32293
32297
32309
32313
32321
32329
32341
32353
32369
32377
32381
32397
32401
32413
32429
32437
32441
32473
32477
32493
32497
32501
32533
32537
32541
32557
32561
32569
32573
32577
32581
32593
32601
32609
32621
32629
32633
32641
32649
32653
32673
32681
32693
32709
32713
32717
32729
32737
32749
32753
32789
32797
32801
32817
32821
32833
32837
32849
32869
32873
32881
32897
32909
32917
32921
32933
32937
32941
32953
32957
32961
32969
32989
32993
33009
33013
33029
33037
33049
33053
33061
33073
33081
33097
33101
33113
33121
33141
33149
33157
33161
33177
33181
33193
33209
33213
33217
33221
33233
33249
33253
33257
33261
33277
33281
33289
33301
33313
33317
33329
33349
33353
33357
33373
33377
33393
33401
33409
33413
33421
33433
33457
33461
33469
33477
33481
33493
33509
33513
33521
33529
33533
33557
33569
33577
33581
33589
33593
33601
33613
33617
33629
33637
33641
33673
33689
33697
33701
33713
33717
33721
33729
33737
33749
33753
33757
33769
33773
33793
33797
33809
33817
33821
33829
33833
33837
33841
33857
33861
33869
33877
33889
33893
33897
33913
33933
33937
33941
33953
33961
33997
34009
34033
34049
34053
34057
34061
34093
34097
34109
34129
34141
34149
34157
34169
34189
34193
34197
34201
34213
34217
34233
34253
34261
34269
34273
34277
34297
34301
34309
34313
34321
34329
34337
34341
34361
34369
34381
34393
34401
34409
34413
34417
34421
34429
34433
34449
34453
34457
34469
34473
34477
34501
34509
34513
34517
34537
34549
34557
34577
34581
34589
34601
34613
34633
34637
34649
34653
34657
34673
34681
34693
34721
34729
34733
34737
34753
34757
34761
34769
34777
34781
34789
34793
34813
34837
34841
34849
34861
34873
34877
34889
34897
34909
34913
34921
34949
34961
34981
34993
34997
35021
35029
35041
35053
35057
35069
35077
35081
35089
35093
35097
35101
35117
35129
35141
35149
35153
35157
35161
35193
35201
35213
35221
35229
35233
35237
35257
35273
35281
35297
35317
35337
35341
35349
35353
35357
35381
35389
35393
35401
35413
35417
35421
35429
35437
35449
35461
35473
35481
35489
35493
35501
35509
35517
35521
35533
35537
35549
35561
35569
35573
35589
35593
35597
35601
35609
35617
35621
35661
35677
35681
35693
35701
35709
35713
35729
35741
35749
35753
35761
35769
35773
35781
35797
35801
35809
35813
35817
35833
35837
35849
35857
35869
35877
35897
35913
35933
35941
35961
35969
35977
35981
35993
36013
36017
36021
36029
36033
36037
36041
36053
36061
36073
36077
36089
36097
36109
36129
36133
36137
36161
36169
36197
36209
36213
36217
36229
36233
36241
36253
36269
36277
36289
36293
36301
36313
36317
36321
36341
36349
36353
36357
36373
36377
36389
36409
36429
36433
36437
36457
36469
36473
36481
36489
36493
36497
36509
36521
36529
36541
36553
36557
36577
36589
36609
36617
36629
36633
36637
36641
36649
36653
36677
36681
36689
36697
36709
36713
36717
36721
36749
36753
36761
36769
36773
36781
36789
36793
36797
36809
36817
36821
36833
36857
36877
36893
36901
36913
36929
36937
36949
36953
36961
36969
36973
36977
36989
36997
37001
37013
37021
37029
37041
37049
37057
37061
37069
37073
37081
37097
37109
37117
37121
37129
37133
37137
37173
37181
37189
37201
37217
37229
37237
37241
37253
37261
37273
37277
37301
37309
37313
37321
37337
37353
37357
37361
37369
37397
37409
37421
37429
37437
37441
37457
37461
37473
37477
37489
37493
37501
37509
37517
37529
37533
37537
37549
37561
37573
37581
37589
37601
37617
37633
37641
37649
37657
37669
37693
37709
37717
37721
37749
37753
37769
37781
37793
37801
37813
37833
37841
37849
37853
37857
37861
37889
37897
37901
37909
37913
37933
37937
37941
37957
37969
37977
37981
37993
37997
38009
38013
38017
38053
38057
38069
38093
38101
38109
38113
38117
38137
38141
38149
38153
38161
38173
38177
38189
38197
38201
38209
38217
38229
38237
38249
38257
38261
38273
38281
38289
38297
38317
38321
38329
38333
38341
38353
38373
38377
38381
38393
38397
38401
38413
38429
38449
38453
38461
38469
38473
38489
38501
38513
38521
38549
38557
38561
38569
38593
38609
38621
38629
38633
38653
38669
38677
38681
38689
38693
38697
38713
38717
38721
38729
38733
38737
38741
38749
38757
38761
38769
38789
38797
38821
38833
38837
38861
38869
38873
38877
38881
38901
38917
38921
38929
38933
38937
38941
38949
38953
38957
38977
38989
38993
39001
39009
39017
39021
39029
39037
39041
39077
39089
39097
39113
39129
39133
39137
39149
39157
39161
39173
39181
39189
39197
39209
39217
39229
39233
39241
39269
39281
39293
39297
39301
39309
39313
39317
39329
39337
39341
39361
39373
39381
39397
39409
39413
39421
39433
39441
39449
39453
39461
39473
39477
39489
39497
39509
39513
39517
39521
39529
39541
39549
39557
39561
39569
39577
39581
39601
39613
39629
39649
39653
39657
39677
39709
39713
39733
39737
39749
39757
39761
39769
39773
39777
39781
39801
39821
39829
39841
39853
39857
39869
39873
39877
39881
39901
39913
39917
39929
39937
39941
39953
39973
39977
39981
39989
39993
40009
40013
40017
40021
40037
40073
40093
40101
40109
40129
40133
40153
40169
40177
40181
40189
40193
40197
40201
40213
40217
40233
40237
40241
40249
40253
40277
40289
40297
40301
40353
40357
40361
40373
40381
40389
40393
40421
40429
40433
40453
40457
40461
40481
40489
40493
40497
40517
40529
40537
40541
40553
40561
40569
40577
40597
40601
40609
40633
40637
40649
40669
40693
40697
40701
40709
40717
40721
40741
40753
40769
40773
40789
40801
40813
40829
40841
40849
40853
40857
40873
40881
40889
40897
40901
40909
40913
40921
40933
40949
40957
40961
40973
40981
40993
40997
41009
41017
41037
41057
41061
41069
41073
41077
41081
41101
41113
41117
41129
41133
41137
41141
41149
41153
41161
41169
41177
41189
41201
41213
41221
41233
41253
41257
41269
41277
41281
41289
41317
41321
41333
41341
41357
41381
41389
41397
41401
41413
41417
41421
41437
41453
41461
41473
41489
41493
41501
41513
41521
41549
41569
41573
41577
41581
41593
41597
41609
41617
41621
41637
41641
41649
41653
41669
41677
41681
41689
41709
41721
41729
41737
41749
41753
41761
41777
41793
41801
41809
41813
41833
41849
41857
41889
41893
41897
41901
41909
41917
41929
41933
41941
41953
41957
41969
41981
41989
41997
42013
42017
42033
42037
42049
42053
42061
42073
42077
42089
42101
42113
42153
42157
42169
42181
42193
42197
42209
42213
42221
42249
42257
42261
42269
42277
42281
42293
42301
42317
42321
42329
42337
42349
42361
42373
42377
42397
42409
42421
42429
42433
42437
42457
42461
42469
42473
42477
42481
42493
42509
42529
42533
42541
42553
42557
42569
42577
42589
42593
42613
42617
42621
42629
42637
42641
42649
42673
42677
42689
42697
42701
42709
42729
42733
42737
42753
42769
42773
42781
42793
42797
42817
42821
42829
42841
42853
42869
42893
42901
42909
42917
42929
42937
42941
42953
42961
42969
42977
42981
42989
43001
43013
43021
43033
43037
43041
43049
43057
43073
43081
43093
43097
43109
43117
43133
43141
43153
43157
43161
43177
43189
43193
43201
43213
43217
43221
43229
43233
43237
43241
43257
43261
43269
43293
43313
43321
43341
43349
43357
43361
43369
43373
43393
43397
43409
43417
43421
43437
43441
43453
43457
43477
43481
43509
43517
43541
43557
43573
43577
43597
43601
43609
43613
43629
43633
43637
43649
43653
43661
43669
43689
43717
43721
43729
43753
43773
43777
43781
43789
43793
43801
43817
43837
43841
43853
43861
43881
43889
43897
43909
43913
43917
43921
43933
43949
43961
43969
43973
43997
44009
44017
44021
44029
44033
44041
44049
44053
44069
44077
44089
44093
44097
44101
44113
44129
44153
44169
44173
44177
44189
44193
44201
44209
44221
44237
44241
44249
44257
44261
44269
44273
44277
44281
44293
44297
44301
44309
44313
44333
44337
44349
44357
44377
44381
44389
44393
44401
44413
44417
44441
44449
44453
44477
44481
44493
44497
44501
44509
44513
44521
44529
44533
44537
44549
44553
44561
44569
44593
44601
44609
44617
44621
44633
44637
44641
44653
44657
44661
44669
44673
44677
44701
44729
44741
44753
44769
44773
44777
44789
44797
44801
44809
44817
44833
44841
44853
44857
44869
44873
44893
44909
44917
44929
44949
44953
44981
44989
45001
45013
45049
45053
45061
45077
45089
45093
45109
45121
45137
45157
45161
45173
45181
45193
45197
45217
45221
45229
45233
45249
45257
45273
45277
45281
45289
45293
45317
45321
45329
45337
45341
45361
45377
45389
45393
45397
45401
45413
45417
45433
45437
45449
45457
45481
45497
45517
45529
45533
45541
45553
45557
45561
45569
45581
45589
45593
45597
45601
45613
45629
45637
45641
45649
45653
45673
45677
45681
45697
45701
45709
45737
45749
45757
45761
45777
45789
45809
45813
45817
45821
45829
45833
45841
45853
45857
458